6
7
10
8
11
12
9
14
10
14
13
12
10
7
10
8
11
12
9
14
10
14
13
12
10
7
10
8
11
12
9
14
10
14
13
12
10
7
10
8
11
12
9
14
10
14
13
12
10
7
10
8
11
12
9
14
10
14
13
12
10
7
10
8
11
12
9
14
10
14
13
12
10
7
8
10
8
11
12
9
14
10
14
13
12
10
7
10
8
11
12
9
14
10
14
13
12
10
7
10
8
11
12
9
14
10
14
13
12
10
15
17
21
18
22
19
16
24
20
19
22
25
27
28
15
17
21
18
22
19
16
24
20
19
17
21
18
22
19
16
24
20
19
22
25
27
28
15
17
21
18
22
19
16
24
20
19
17
21
18
22
19
16
24
20
19
22
25
27
28
15
17
21
18
22
19
16
24
20
19
17
21
18
22
19
16
24
20
19
22
25
27
28
15
17
21
18
22
19
16
24
20
19
17
21
18
22
19
16
24
20
19
22
25
27
28
15
17
21
16
7
12
13
13
12
13
14
7
3
12
5
3
7
12
13
13
12
13
14
7
3
12
5
3
12
13
13
12
13
14
7
3
12
5
3
7
12
13
13
12
13
14
7
3
12
5
3
12
13
13
12
13
14
7
3
12
5
3
7
12
13
13
12
13
14
7
3
12
5
3
12
13
13
12
13
14
7
3
12
5
3
7
12
13
13
12
13
14
7
3
12
5
3
12
13
13
12
13
14
7
3
12
5
3
7
12
13
13
12
13
-2
-5
2
1
-7
0
4
3
-12
-7
0
-4
-2
-5
2
1
-7
0
4
3
-12
-7
0
-4
-2
-2
-5
2
1
-7
0
4
3
-12
-7
0
-4
-2
-5
2
1
-7
0
4
3
-12
-7
0
-4
-2
-2
-5
2
1
-7
0
4
3
-12
-7
0
-4
-2
-5
2
1
-7
0
4
3
-12
-7
0
-4
-2
-2
-5
2
1
-7
0
4
3
-12
-7
0
-4
-2
-5
2
1
-7
0
4
3
-12
-7
0
-4
-2
-2
-5
2
1
-7
0
4
3
-12
-7